4.324228167533874512e-01
1.335720121860504150e-01
1.048364564776420593e-01
3.462157547473907471e-01
3.692043423652648926e-01
-9.056583046913146973e-02
-3.319452106952667236e-01
-1.422899812459945679e-01
1.910433769226074219e-01
4.669053852558135986e-01
3.117329478263854980e-01
2.427673935890197754e-01
2.485145926475524902e-01
3.864455819129943848e-01
2.772502899169921875e-01
2.657559514045715332e-01
2.312732189893722534e-01
7.135292515158653259e-03
-1.652784943580627441e-01
-1.010615844279527664e-02
-6.183028593659400940e-02
-3.549336791038513184e-01
-7.907159626483917236e-02
-1.595312952995300293e-01
-7.332442700862884521e-02
9.334208816289901733e-02
-3.721750080585479736e-01
-3.894164860248565674e-01
-1.422899663448333740e-01
-5.101060271263122559e-01
-3.951635658740997314e-01
-2.802210152149200439e-01
-5.963128805160522461e-01
-5.963128209114074707e-01
-6.652784943580627441e-01
-4.238991141319274902e-01
-5.503358840942382812e-01
-3.894163668155670166e-01
-6.307957768440246582e-01
-7.802209854125976562e-01
-1.027347564697265625e+00
-9.698762297630310059e-01
-9.871176481246948242e-01
-1.084818601608276367e+00
-7.629796862602233887e-01
-8.147035837173461914e-01
-2.629795968532562256e-01
2.409433841705322266e+00
8.708283424377441406e+00
1.671402931213378906e+01
2.588644599914550781e+01
3.241518402099609375e+01
3.692092895507812500e+01
3.976575851440429688e+01
4.140369415283203125e+01
4.209334945678710938e+01
4.228874969482421875e+01
4.159909439086914062e+01
4.005886077880859375e+01
3.778874588012695312e+01
3.580598449707031250e+01
3.394966125488281250e+01
3.169104766845703125e+01
2.947265625000000000e+01
2.742093467712402344e+01
2.551288032531738281e+01
2.379448890686035156e+01
2.257035255432128906e+01
2.178874206542968750e+01
2.097839736938476562e+01
2.041518020629882812e+01
1.957035446166992188e+01
1.902437782287597656e+01
1.836920547485351562e+01
1.746115684509277344e+01
1.704161643981933594e+01
1.613931655883789062e+01
1.532896995544433594e+01
1.481747531890869141e+01
1.420253276824951172e+01
1.347265052795410156e+01
1.276000690460205078e+01
1.209908771514892578e+01
1.153012180328369141e+01
1.095541095733642578e+01
1.040368747711181641e+01
9.903686523437500000e+00
9.581847190856933594e+00
9.357707977294921875e+00
9.300238609313964844e+00
8.765755653381347656e+00
8.599087715148925781e+00
8.351962089538574219e+00
8.432421684265136719e+00
8.196789741516113281e+00
7.863456726074218750e+00
7.438169479370117188e+00
7.179549217224121094e+00
6.869204521179199219e+00
6.581848621368408203e+00
6.311733245849609375e+00
6.484147071838378906e+00
6.070353984832763672e+00
5.604836463928222656e+00
5.363457202911376953e+00
5.564606666564941406e+00
5.173802375793457031e+00
4.892193794250488281e+00
4.897940635681152344e+00
5.087595462799072266e+00
4.800239086151123047e+00
4.145066738128662109e+00
3.834722042083740234e+00
4.087595939636230469e+00
4.409434795379638672e+00
4.162308692932128906e+00
3.926676511764526367e+00
4.018630027770996094e+00
3.984147310256958008e+00
4.104836463928222656e+00
3.662308692932128906e+00
3.466905593872070312e+00
3.369205236434936523e+00
3.714032411575317383e+00
3.553113222122192383e+00
3.294492244720458984e+00
3.179549694061279297e+00
2.989894151687622070e+00
2.777250766754150391e+00
2.817480325698852539e+00
2.691043138504028320e+00
2.800238609313964844e+00
3.122078418731689453e+00
2.892193078994750977e+00
3.104837417602539062e+00
3.179549932479858398e+00
3.030124664306640625e+00
2.593342304229736328e+00
2.541617870330810547e+00
2.420928239822387695e+00
2.346215724945068359e+00
2.334721326828002930e+00
2.535871028900146484e+00
2.765756130218505859e+00
2.874951839447021484e+00
2.742767572402954102e+00
2.403686761856079102e+00
2.386445522308349609e+00
2.145066499710083008e+00
2.116330862045288086e+00
2.300238847732543945e+00
2.501388072967529297e+00
2.524376630783081055e+00
2.397939682006835938e+00
2.047365188598632812e+00
2.271502733230590820e+00
2.524376630783081055e+00
2.800238847732543945e+00
2.846215963363647461e+00
2.558859348297119141e+00
2.765756368637084961e+00
2.541617870330810547e+00
2.512882232666015625e+00
2.639319419860839844e+00
2.300238609313964844e+00
