3.474151194095611572e-01
3.619078993797302246e-01
5.068352818489074707e-01
5.825199484825134277e-01
5.068354010581970215e-01
3.538562655448913574e-01
3.409739434719085693e-01
1.702813506126403809e-01
1.735020577907562256e-01
5.272911116480827332e-02
-3.583774343132972717e-02
1.569203287363052368e-02
1.569203659892082214e-02
4.419884178787469864e-03
-3.583770617842674255e-02
-1.421178877353668213e-01
-2.564494907855987549e-01
-2.339052259922027588e-01
-2.129712700843811035e-01
-2.210228890180587769e-01
-5.033061280846595764e-02
-2.939660474658012390e-02
-4.710993915796279907e-02
1.730233430862426758e-02
-7.931600511074066162e-02
-3.031485378742218018e-01
-3.305237293243408203e-01
-3.788328468799591064e-01
-4.545173645019531250e-01
-3.611194491386413574e-01
-3.659501671791076660e-01
-3.901050090789794922e-01
-4.174803197383880615e-01
-2.113611400127410889e-01
-2.178023308515548706e-01
-1.501694470643997192e-01
-3.160308599472045898e-01
-4.899441897869110107e-01
-5.930036902427673340e-01
-4.142596125602722168e-01
-2.500082850456237793e-01
-3.273032605648040771e-01
-3.321337401866912842e-01
-3.466266393661499023e-01
-2.355156689882278442e-01
2.374349907040596008e-02
8.482205867767333984e-01
3.690407752990722656e+00
9.279782295227050781e+00
1.655352783203125000e+01
2.482406234741210938e+01
3.049395179748535156e+01
3.448590850830078125e+01
3.715097045898437500e+01
3.890781784057617188e+01
3.996900939941406250e+01
4.057448577880859375e+01
4.005274581909179688e+01
3.916386413574218750e+01
3.778220748901367188e+01
3.609299850463867188e+01
3.420249176025390625e+01
3.242309951782226562e+01
3.045369338989257812e+01
2.873549842834472656e+01
2.695771980285644531e+01
2.524757575988769531e+01
2.426045799255371094e+01
2.349233627319335938e+01
2.279024124145507812e+01
2.220569992065429688e+01
2.166624832153320312e+01
2.125239753723144531e+01
2.047783851623535156e+01
1.999313735961914062e+01
1.922985267639160156e+01
1.837639236450195312e+01
1.737478256225585938e+01
1.666624450683593750e+01
1.590618419647216797e+01
1.544402599334716797e+01
1.482083415985107422e+01
1.400602245330810547e+01
1.344724845886230469e+01
1.290940856933593750e+01
1.213807392120361328e+01
1.165498352050781250e+01
1.127334117889404297e+01
1.094322776794433594e+01
1.062760925292968750e+01
9.909411430358886719e+00
9.529379844665527344e+00
9.292666435241699219e+00
9.051119804382324219e+00
8.777368545532226562e+00
8.489123344421386719e+00
8.350637435913085938e+00
8.049508094787597656e+00
7.600234508514404297e+00
7.344195842742919922e+00
7.363519668579101562e+00
7.212152481079101562e+00
6.993149757385253906e+00
6.764484882354736328e+00
6.574466228485107422e+00
6.268508911132812500e+00
5.927123546600341797e+00
5.646930217742919922e+00
5.561584949493408203e+00
5.590570449829101562e+00
5.597011566162109375e+00
5.270118713378906250e+00
5.072050094604492188e+00
4.931954383850097656e+00
4.853050231933593750e+00
4.740329742431640625e+00
4.529378414154052734e+00
4.382840156555175781e+00
4.208926200866699219e+00
4.083323001861572266e+00
3.978653192520141602e+00
3.951277256011962891e+00
3.716173410415649414e+00
3.561583995819091797e+00
3.514885187149047852e+00
3.371569156646728516e+00
3.104259252548217773e+00
2.964163064956665039e+00
3.004420757293701172e+00
2.872374773025512695e+00
2.679138183593750000e+00
2.648542642593383789e+00
2.605064392089843750e+00
2.511666774749755859e+00
2.643711805343627930e+00
2.574468612670898438e+00
2.513277053833007812e+00
2.187995195388793945e+00
2.125193119049072266e+00
2.245966196060180664e+00
2.273340702056884766e+00
2.210539102554321289e+00
2.113920688629150391e+00
2.062390804290771484e+00
2.152568101882934570e+00
1.968993186950683594e+00
1.730668306350708008e+00
1.683969378471374512e+00
1.783808588981628418e+00
1.824066162109375000e+00
1.637269973754882812e+00
1.444033265113830566e+00
1.574468135833740234e+00
1.675917267799377441e+00
1.812793731689453125e+00
1.825675964355468750e+00
1.601843357086181641e+00
1.555144429206848145e+00
1.637270212173461914e+00
1.408606529235839844e+00
1.332921981811523438e+00
1.249186158180236816e+00
1.225031733512878418e+00
1.110700130462646484e+00
1.310377717018127441e+00
